GATE_DS_SB: 815,1960,48,35
GATE_LF_SB: 261,1458,48,35
SB_F03: 205,1257,48,232
SB_A10: 262,1376,54,35
SB_A09: 119,1295,48,35
SB_H03: 118,1192,204,78
SB_S06: 26,1976,48,25
SB_H02: 325,1153,204,78
SB_A04: 269,1146,54,35
SB_A13: 220,1146,48,35
SB_A01: 310,1906,52,35
SB_A11: 325,1098,48,35
SB_B01: 396,1106,105,35
SB_S07: 393,1075,48,35
SB_A12: 525,1099,48,35
SB_C01: 364,1908,148,35
SB_B02: 514,1910,113,35
SB_C05: 592,1728,48,121
SB_F01: 884,1829,105,121
SB_J02: 1471,372,252,78
SB_J03: 1120,1141,504,37
SB_S02: 1526,1119,48,35
